# /Users/enf/Desktop/color\ vision\ more2/josa-45-8-602.pdf 

scale 111 694 = 400 0, 844 216 = 700 20

# circle

209 305
259 540
307 631
354 648
404 562
426 257

# dot

199 271
227 394
258 466
283 593
299 626
314 635
330 605
345 568
378 495
403 407
431 329
463 75

# triangle

211 340
233 454
307 652
330 674
356 673
361 647
406 617
429 521
453 332
478 100

# /Users/enf/Desktop/color\ vision\ done/1-s2.0-0042698976901796-main\ HERE.pdf 

scale 121 551 = 450 0, 533 138 = 600 15

96 52
123 117
151 140
177 304
206 441
234 489
260 463
287 420
316 217

# /Users/enf/Desktop/color\ vision\ more2/dup2/1-s2.0-S0042698997002800-main.pdf

# 10 td

scale 43 612 = 400 log 1, 671 74 = 700 log 50

84 374
126 347
172 416
210 565
254 573
294 295
337 199
380 197
423 198
462 156
505 171
547 160


# 985282.pdf
# http://www.jstor.org/stable/985282

scale 121 637 = 400 0, 607 68 = 700 35

120 540
140 556
170 552
186 501
202 377
220 353
236 448
252 492
268 533
284 579
302 559
316 516
333 442
350 412
364 347
361 325
397 273
414 236
429 209
445 189
462 220
477 60
494 196
511 227
526 264
542 389
558 62
