# Journal of the Optical Society of America, August, 1922, p. 545 

700.0
678.0	22.0
665.0	13.0
659.0	6.0
654.0	5.0

649.5	4.5
646.0	3.5
642.8	3.2
640.2	2.6
637.8	2.4

635.5	2.3
633.1	2.4
630.0	3.1
626.5	3.5
623.0	3.5

620.0	3.0
617.3	2.7
614.9	2.4
612.5	2.4
610.2	2.3

608.0	2.2
606.0	2.0
604.1	1.9
602.3	1.8
600.6	1.6

599.0	1.6
597.4	1.6
595.9	1.5
594.5	1.4
593.1	1.4

591.8	1.3
590.5	1.3
589.5	1.0
588.5	1.0
587.5	1.0

586.4	1.1
585.3	1.1
584.0	1.3
582.7	1.3
581.5	1.2

580.3	1.2
579.1	1.2
577.9	1.2

576.5	1.4
575.2	1.3
573.7	1.5
571.7	2.0
570.1	1.8

568.4	1.7
566.6	1.8
564.8	1.8
563.0	1.8
561.1	1.9

558.6	2.5
557.0	2.6
554.4	2.6
551.8	1.6
549.1	2.7

546.1	3.0
543.0	3.1
539.8	3.2
536.5	3.4
533.2	3.3

530.1	3.1
527.1	3.0
524.2	2.9
521.4	2.8
519.1	2.3

516.8	2.3
514.6	2.2
512.6	2.0
510.6	2.0
508.0	1.6

507.0	1.0
505.4	1.6
504.0	1.4
502.6	1.4
501.3	1.3

500.0	1.3
498.7	1.3
497.4	1.3
496.1	1.3
494.8	1.3

493.7	1.1
492.6	1.1
491.5	1.1

490.4	1.1
489.4	1.0
488.2	1.2
487.0	1.2
485.8	1.2

484.5	1.3
483.2	1.3
481.7	1.5
480.0	1.7
478.2	1.8

476.5	1.7
475.0	1.5
472.9	2.1
470.5	2.4
468.2	2.3

465.8	2.4
463.6	2.2
461.2	2.4
458.7	2.5
456.5	2.2

454.4	2.3
452.1	2.3
450.0	2.1
448.0	2.0
446.0	2.0

444.0	1.8
442.5	1.7
440.8	1.7
439.0	1.8
437.2	1.8

435.3	1.9
433.3	2.0
431.3	2.0
429.3	2.1
427.0	2.2

424.8	3.2
422.3	2.3
419.7	2.8
416.7	3.0
413.8	2.9

410.4	3.4
405.8	4.6
