K	720	0.080	0.139	3.52933741315031
K	700	0.080	0.139	3.52933741315031
K	670	0.080	0.139	3.52933741315031
K	645	0.095	0.165	3.49175932967991
K	630	0.115	0.200	3.43513321250325
K	620	0.133	0.230	3.38098790181732
K	610	0.158	0.272	3.29405269559701
K	600	0.192	0.330	3.14985692824944
K	590	0.219	0.377	3.0113812106254
K	577	0.258	0.438	2.80177177716693
K	563.5	0.288	0.484	2.62689454882798
K	555	0.300	0.497	2.57005699698508
K	545	0.317	0.513	2.49407011875346
K	536	0.333	0.516	2.45219478056183
K	516.5	0.410	0.517	2.23820406713766
K	505	0.501	0.456	1.98448554007376
K	495	0.642	0.330	-0.0344691009995081
K	485	0.787	0.182	-0.57698100576621
K	475	0.880	0.093	-0.636075502703751
K	463	0.894	0.043	-0.707653746297638
K	455	0.900	0.021	-0.735212029123305
K	445	0.902	0.010	-0.749592577123978
K	433	0.905	0.000	-0.760513111154245
K	400	0.905	0.000	-0.760513111154245
D	720	0.080	0.139	3.52933741315031
D	700	0.080	0.139	3.52933741315031
D	670	0.080	0.139	3.52933741315031
D	645	0.090	0.156	3.50530329779034
D	630	0.106	0.183	3.46401121055909
D	620	0.120	0.208	3.42140976211304
D	610	0.145	0.250	3.34133232541431
D	600	0.175	0.300	3.22821743332918
D	590	0.206	0.353	3.08434867249057
D	577	0.247	0.423	2.85729991565191
D	563.5	0.281	0.470	2.67794504458899
D	555	0.296	0.488	2.60230951646644
D	545	0.312	0.504	2.52838530471528
D	536	0.325	0.506	2.49670169162611
D	512	0.425	0.524	2.16840247662924
D	505	0.484	0.475	2.0344439357957
D	495	0.599	0.380	0.818353261011747
D	485	0.736	0.257	-0.397534059529169
D	475	0.870	0.135	-0.561163412288352
D	463	0.888	0.061	-0.68491131439438
D	455	0.896	0.035	-0.718206817317586
D	445	0.902	0.010	-0.749592577123978
D	433	0.905	0.000	-0.760513111154245
D	400	0.905	0.000	-0.760513111154245
