obs	nm	x	y
K	720	0.080	0.139
K	700	0.080	0.139
K	670	0.080	0.139
K	645	0.095	0.165
K	630	0.115	0.200
K	620	0.133	0.230
K	610	0.158	0.272
K	600	0.192	0.330
K	590	0.219	0.377
K	577	0.258	0.438
K	563.5	0.288	0.484
K	555	0.300	0.497
K	545	0.317	0.513
K	536	0.333	0.516
K	516.5	0.410	0.517
K	512	-	-
K	505	0.501	0.456
K	495	0.642	0.330
K	485	0.787	0.182
K	475	0.880	0.093
K	463	0.894	0.043
K	455	0.900	0.021
K	445	0.902	0.010
K	433	0.905	0.000
K	400	0.905	0.000

D	720	0.080	0.139
D	700	0.080	0.139
D	670	0.080	0.139
D	645	0.090	0.156
D	630	0.106	0.183
D	620	0.120	0.208
D	610	0.145	0.250
D	600	0.175	0.300
D	590	0.206	0.353
D	577	0.247	0.423
D	563.5	0.281	0.470
D	555	0.296	0.488
D	545	0.312	0.504
D	536	0.325	0.506
D	516.5	-	-
D	512	0.425	0.524
D	505	0.484	0.475
D	495	0.599	0.380
D	485	0.736	0.257
D	475	0.870	0.135
D	463	0.888	0.061
D	455	0.896	0.035
D	445	0.902	0.010
D	433	0.905	0.000
D	400	0.905	0.000
