# https://archive.org/stream/gesammelteabhand00knig#page/28/mode/2up

# K

640 1.28
630 1.05
620 0.68
610 0.56
600 0.36
590 0.26
580 0.27
570 0.29
560 0.40
550 0.65
540 0.68
530 0.65
520 0.59

510 0.51
500 0.41
490 0.36
480 0.33
470 0.43
460 0.54
450 0.82
440 0.62
430 0.69

510 0.40
500 0.23
490 0.16
480 0.28
470 0.46
460 0.54
450 0.44
440 0.68
430 1.06

# D

640 1.82
630 1.47
620 1.00
610 0.78
600 0.48
590 0.40
580 0.36
570 0.31
560 0.32
550 0.51
540 0.64
530 0.62
520 0.51

510 0.38
500 0.29
490 0.25
480 0.23
470 0.38
460 0.53
450 0.57
440 0.50
430 0.56

510 0.38
500 0.28
490 0.23
480 0.26
470 0.41
460 0.57
450 0.40
440 0.45
430 0.56

