411 16.345292426219515 190.8283516645446 5.5684412947047734 #d6a3e6
412 16.25552704582317 191.0747183637912 5.568171287060527 #d6a3e6
413 16.17028741951016 191.28540690327253 5.567783702038221 #d6a4e6
414 16.094699059637094 191.45295524018707 5.567321409042566 #d6a4e6
415 16.033971007155294 191.56185331032256 5.566786204831649 #d6a4e6
416 15.988273411580881 191.60531242072108 5.566169428052665 #d6a4e6
417 15.962829339906204 191.56612815282512 5.565438795640136 #d6a4e6
418 15.952640359509136 191.45748187859638 5.564598640802698 #d6a4e6
419 15.967921395009068 191.23153262653233 5.563540447876723 #d6a4e6
420 16.003520446021007 190.90776196959365 5.5622781921115685 #d6a4e6
421 16.059302324849384 190.47853812187554 5.560771260320195 #d6a4e6
422 16.13505710159999 189.94856184645974 5.559039085059167 #d6a4e6
423 16.225493949270998 189.3462414615424 5.5571342279468485 #d5a4e6
424 16.330366123949425 188.67962978868837 5.555102877530823 #d5a4e7
425 16.444450901912077 187.97214003497098 5.5529828226913 #d5a4e7
426 16.567552896514826 187.23206401184984 5.550819284839563 #d5a4e7
427 16.699466116781103 186.45622316494382 5.548592413419226 #d5a4e7
428 16.849621303687925 185.60051230834398 5.546191599771483 #d5a4e7
429 17.022290027926587 184.63724619659592 5.54353830818203 #d4a4e7
430 17.221481428572943 183.541996079938 5.540540040811674 #d4a4e7
431 17.450892950900275 182.29449621620586 5.537131687049948 #d4a4e8
432 17.704703056788105 180.92621110350294 5.533361626414262 #d4a4e8
433 17.972788931672376 179.4882442139962 5.529361292853615 #d3a4e8
434 18.241147514457765 178.04292619666717 5.525245457236283 #d3a5e8
435 18.505364346847905 176.62597721307233 5.52114317662688 #d3a5e8
436 18.752676415842394 175.29951500797492 5.517235780919999 #d2a5e9
437 18.988019366117797 174.03785444671695 5.513461452460367 #d2a5e9
438 19.22443207375769 172.78070918644542 5.5096703169995145 #d2a5e9
439 19.474259089001293 171.46648399211847 5.505689110657374 #d1a5e9
440 19.740992856944423 170.06822204120886 5.501399951576162 #d1a5e9
441 20.035885533555458 168.53380603045386 5.496644387960705 #d1a5ea
442 20.361480807983547 166.84974702308972 5.491340645601725 #d0a5ea
443 20.704533905678538 165.07699135472865 5.48563573759032 #d0a5ea
444 21.06403023418931 163.2258199099517 5.479537573559932 #cfa6eb
445 21.431544587769423 161.34026573276498 5.473179844928244 #cfa6eb
446 21.806546723086015 159.42310429845034 5.46655519195927 #cea6eb
447 22.195663734828933 157.4425249515062 5.459541035186852 #cea6ec
448 22.604959352769242 155.37248477320227 5.452043737696335 #cda6ec
449 23.046749426537275 153.16247142900374 5.443867532495855 #cca7ec
450 23.532103086012015 150.75457933272938 5.43472837217364 #cca7ed
451 24.061012356658587 148.15554403480752 5.424574566116458 #cba7ed
452 24.639417500486005 145.32976124127214 5.4130892557264625 #caa7ee
453 25.256905812158585 142.33282851377248 5.400363369099881 #c9a8ee
454 25.91279417447678 139.15929220165773 5.386128887690476 #c7a8ef
455 26.59470662405574 135.87057914898693 5.370460554201684 #c6a8f0
456 27.302679621604554 132.46331145538144 5.3530817206317804 #c4a9f0
457 28.036577738322542 128.94905932694903 5.333844474246071 #c3a9f1
458 28.796114777864787 125.34418242417178 5.312626995492705 #c1aaf2
459 29.580874610171456 121.6574486699001 5.289158080393401 #bfabf3
460 30.39274886689241 117.9097181406546 5.263356406204874 #bcabf4
461 31.23319880205174 114.10473063095577 5.2348578056434825 #b9acf5
462 32.10554073358072 110.24546379592215 5.203173145997646 #b6adf6
463 33.01240631019855 106.34173011348503 5.1677485825361575 #b3aef7
464 33.9662182903955 102.3732649527425 5.127496850520398 #afaff9
465 34.96719647781951 98.3748419816983 5.081497753394113 #aab0fa
466 36.02277345683636 94.3731118559721 5.028331055198407 #a4b1fb
467 37.135019991129596 90.44054607043228 4.966747689292052 #9db3fc
468 38.30507812463439 86.67756089384234 4.895422358586095 #95b5fd
469 39.531583912290486 83.22114169151631 4.8134185803326375 #8cb7fe
470 40.81599430550257 80.22796348805917 4.719611672520423 #80b9fe
471 42.158871096481164 77.88874725114289 4.613747107376142 #73bbfe
472 43.558544509362015 76.42214022839532 4.496536019791639 #64befd
473 45.01577974639419 76.04734863066322 4.370034141441775 #54c0fa
474 46.52921432986588 76.97869013530928 4.237637206142859 #42c2f6
475 48.09961554574821 79.37717513034669 4.103999248613039 #30c4f1
476 49.72334181084571 83.34971682412638 3.9740153209664624 #1ec6eb
477 51.39222648947896 88.8825119907298 3.852534820762146 #0ec7e4
478 53.09692809024972 95.89872619046564 3.74250627347533 #08c8de
479 54.8242648270806 104.24542444710092 3.6454091600110883 #0ec8d8
480 56.563234430954736 113.76187870084907 3.561105027876891 #17c9d2
481 58.30281792558236 124.26265340653426 3.4886830384232064 #20c9cd
482 60.042012966612916 135.671260895729 3.4264145163304263 #28c9c9
483 61.78343080423524 147.9059132879553 3.3727135504636148 #2ec9c5
484 63.525118977860245 160.94111050308518 3.326180541104137 #34c9c2
485 65.26780730628495 174.7295632999555 3.285669832393342 #38c9bf
486 67.00908258084992 189.2412635701504 3.2502345293061445 #3cc9bc
487 68.73822479644242 204.39649591992452 3.219222998231925 #40c9ba
488 70.44621278917836 220.1222960700037 3.1920336308677606 #43c9b8
489 72.12142356566987 236.34928611374855 3.168183453702244 #45c9b6
490 73.75463430802137 252.96210509622506 3.1472400794453566 #48c9b5
491 75.33671462123836 269.905746085054 3.1288210756814623 #4ac9b3
492 76.8609807528726 286.9424855379143 3.1125610668314545 #4bc9b2
493 78.3215819124184 303.71480929771457 3.098101728950182 #4dc9b1
494 79.71217720773281 318.5775245823134 3.084879731739439 #4ec9b0
495 81.02703533799465 330.1386289536227 3.072245625171126 #50c9af
496 82.26410268401474 338.18550759863473 3.059742978303722 #51c9ae
497 83.4281709507679 342.98922914885134 3.047015324959384 #52c9ad
498 84.52854743818 345.0475902558227 3.0338022909475466 #54c9ac
499 85.57308260411567 344.85386754730797 3.019904392683419 #55c9ab
500 86.5683828370387 342.8560419646222 3.005171693505351 #57c8aa
501 87.51900627874751 339.9360103379494 2.9897041470332404 #58c8a9
502 88.42052271439834 336.76786490889066 2.973724035880435 #5ac8a8
503 89.26637072082883 333.2745917250772 2.9571735448559786 #5bc8a7
504 90.05121144283598 329.38549313126845 2.9399955949556342 #5dc8a5
505 90.76986327697291 325.1268416182263 2.9221621328095733 #5fc8a4
506 91.41542388127142 320.4491969643751 2.903636942931328 #61c8a3
507 91.97705991048855 315.29561331107936 2.884457659075383 #63c8a2
508 92.4467128908762 309.7134393721545 2.86477816277521 #64c8a0
509 92.81926372787473 303.7197840876911 2.8446774758787288 #66c89f
510 93.0953725098361 297.3609813324912 2.824268148560989 #68c79d
511 93.27910710276845 290.75747140495463 2.8036789778699425 #6ac79c
512 93.38879106929488 284.1863649884537 2.78302720448742 #6cc79a
513 93.44355066395838 277.8938555747798 2.7624441827776947 #6ec799
514 93.4583176778708 272.0414441435245 2.742049224842175 #70c798
515 93.44745996721092 266.74361564412067 2.721985677476935 #72c796
516 93.42008897741486 262.02418416722935 2.7022900870576914 #74c695
517 93.37357033717444 257.7199131418819 2.682904750594662 #75c694
518 93.30262934505058 253.6638567217558 2.663675524471304 #77c692
519 93.20411682833961 249.70653629917257 2.6444681244346975 #79c691
520 93.07307281062086 245.73845571637023 2.6251104867336124 #7bc690
521 92.90882369632912 241.69434893429076 2.605469516304159 #7cc58f
522 92.71503065285567 237.62680082940287 2.585611883670082 #7ec58d
523 92.49712361264741 233.5921474769666 2.565506146027366 #80c58c
524 92.26058355844555 229.6386534968593 2.5452544932155776 #82c58b
525 92.0096271984977 225.81741593784136 2.5249192037432677 #84c58a
526 91.74764050151624 222.14759829343024 2.5045513360330602 #85c488
527 91.47761767842596 218.64687187441467 2.4841987529098017 #87c487
528 91.20215672871866 215.31767591496666 2.46402462528577 #89c486
529 90.92299736679792 212.168423607929 2.4440133207030406 #8bc485
530 90.64237265966766 209.20078373983472 2.424284008439012 #8cc384
531 90.36210292245717 206.40664946859584 2.40485792442934 #8ec383
532 90.07988593359879 203.74328201283538 2.3856227592674486 #90c382
533 89.79429983714769 201.1921076924009 2.3664181638530297 #91c381
534 89.50295674200277 198.6832116691923 2.347233368181995 #93c280
535 89.2038846989878 196.1462415656934 2.3281613677604653 #94c27f
536 88.89506433423747 193.57626145098274 2.3090010351232944 #96c27e
537 88.57823053306522 190.9835040173683 2.289779191698779 #98c17d
538 88.25515716506825 188.39888516145453 2.2705438402741693 #99c17c
539 87.92814215679107 185.82376898839146 2.251404655721559 #9bc17b
540 87.59954093106657 183.29404568411059 2.232349347882554 #9cc17a
541 87.27128118296048 180.81158233508964 2.2135305461184744 #9ec079
542 86.94337615254909 178.38528115956922 2.1948002782498715 #9fc078
543 86.6158393698038 176.0160973808449 2.1762093688617448 #a1c078
544 86.28967920272514 173.71960440476892 2.1576279530134923 #a2bf77
545 85.96392798547755 171.46585927273125 2.139150985307221 #a4bf76
546 85.63960761732218 169.27630696884756 2.1206854533177286 #a5bf75
547 85.31573862261097 167.15597542137917 2.1021731281089813 #a7be75
548 84.99233638940558 165.0877689652497 2.083640545092406 #a8be74
549 84.66941663311101 163.07808266855358 2.0650080750831563 #aabe73
550 84.346478693354 161.12160185994844 2.0462478446570422 #abbd73
551 84.02248883014607 159.22453169525687 2.02727996797534 #adbd72
552 83.69481589944883 157.3572342816861 2.0079937645104082 #aebd72
553 83.36233980675767 155.52567040952377 1.9882593756338311 #b0bc71
554 83.02284837260746 153.7076275230355 1.9679954366729848 #b1bc70
555 82.67460098194047 151.90782650142015 1.9470093383027733 #b3bb70
556 82.3168810282706 150.13115669199652 1.9253014602617045 #b4bb6f
557 81.95436989433858 148.40178121809578 1.9030598500345874 #b6bb6f
558 81.58915554060155 146.73617130167344 1.8804875417219484 #b8ba6e
559 81.22614094782594 145.16692079847013 1.8577815147626615 #b9ba6e
560 80.86760407391802 143.69051711553857 1.8351888745568348 #bbb96d
561 80.51588938960836 142.31000457670618 1.8128138223129384 #bdb96d
562 80.16778138548825 141.0095750822291 1.7905126863397667 #beb86d
563 79.81826822873941 139.79687556355637 1.7679584457280946 #c0b86c
564 79.46561558857897 138.62216834166466 1.7450294441533756 #c1b76c
565 79.10458604090955 137.51554131494785 1.7214396233716507 #c3b76c
566 78.73499742553248 136.45100100683283 1.6971141889485775 #c5b66c
567 78.35841189738441 135.43919486146183 1.672222113248216 #c7b66b
568 77.97820711030928 134.52071105586143 1.6469794563554363 #c8b56b
569 77.59668262039132 133.6735246599142 1.6215589574068898 #cab46b
570 77.21741134915919 132.91895562044942 1.5962135654544578 #ccb46b
571 76.8416687872015 132.2568009245351 1.5710767030374555 #cdb36b
572 76.4689454006229 131.66863174616392 1.5460971799436884 #cfb36b
573 76.09871375481276 131.17947168562566 1.521289093495041 #d1b26b
574 75.72857323209489 130.7553055794376 1.496529362590489 #d2b16c
575 75.35853821259983 130.4093527915077 1.4718260479892518 #d4b16c
576 74.98736658657813 130.13954337668343 1.4471214348682475 #d5b06c
577 74.61504270332918 129.94530478494676 1.4224399554640037 #d7b06c
578 74.23963376735495 129.82548400037297 1.3976799054130464 #d8af6d
579 73.86107506684222 129.7804752521651 1.372864691001935 #daae6d
580 73.47799998820298 129.7962603252855 1.3479286054592148 #dbae6e
581 73.09227196673211 129.90223616786002 1.323029397754325 #ddad6e
582 72.70648085453016 130.06780147658597 1.2983463045567587 #dead6f
583 72.32597541705898 130.3162902961929 1.2742572435362642 #e0ac6f
584 71.95427097941582 130.61181315538508 1.2509476604890166 #e1ab70
585 71.5949970662975 130.97068293538896 1.2287239055511352 #e2ab71
586 71.24984183111586 131.35688075277807 1.2075869461912678 #e3aa71
587 70.91639969226645 131.7793072144517 1.1874076893732741 #e4aa72
588 70.5914832921844 132.25042429410288 1.1680063296322387 #e5a972
589 70.27180041331938 132.74253097019593 1.1491298872472357 #e6a973
590 69.95466050705069 133.2712539967612 1.130641106616415 #e7a874
591 69.63871024087 133.85089182258506 1.1124940535357468 #e8a874
592 69.32398485696523 134.4508841061739 1.0946480500125786 #e9a875
593 69.01268016227911 135.08235968759763 1.0772089135220575 #eaa776
594 68.70633071213899 135.73647329603963 1.0603034261892759 #eba776
595 68.40505307302438 136.41144490490478 1.0439133941115923 #eba677
596 68.10970003058806 137.10272982356952 1.0280745860275786 #eca678
597 67.82040483361413 137.8073811140965 1.0127819415457657 #eda678
598 67.53580976433264 138.5396590673587 0.9979944745039288 #eda579
599 67.25526773522026 139.27262685297666 0.9835867112266915 #eea579
600 66.97735647467118 140.02048639621333 0.969532707014842 #efa57a
601 66.70365696059193 140.78135170616298 0.9558644458677515 #efa47b
602 66.43425954658497 141.5494303372038 0.9426175873758722 #f0a47b
603 66.17079625534771 142.31962522488575 0.9298475498899936 #f0a47c
604 65.91493843594682 143.08506668526135 0.9176207120859292 #f1a37c
605 65.66761485376038 143.84086937194797 0.9059645387175657 #f1a37d
606 65.43055563545555 144.5809574453456 0.8949295057106648 #f2a37d
607 65.20157820061846 145.30591786629208 0.8844327599374459 #f2a37e
608 64.98161728042412 146.01527108635662 0.8744648468285752 #f2a27e
609 64.770026525818 146.70951215704434 0.8649815283496047 #f3a27f
610 64.56533809967833 147.38920600882787 0.8559272746183118 #f3a27f
611 64.36766053320389 148.05425606223903 0.8472835955729371 #f3a280
612 64.17629093347756 148.70449335792844 0.8390201998870492 #f4a280
613 63.991322358765814 149.34160399269436 0.8311090398123646 #f4a181
614 63.812846109189465 149.97340238369577 0.8236205846412809 #f4a181
615 63.640131241636084 150.58057734504212 0.8163858524005438 #f4a181
616 63.4740785255763 151.1712867788612 0.8094882262613151 #f5a182
617 63.311464927607474 151.75334638542702 0.8028085439625013 #f5a182
618 63.15399525303519 152.32166761237272 0.7964007004650496 #f5a183
619 62.99923144902053 152.88461360436463 0.7901605878093358 #f5a183
620 62.84720666837387 153.44175014520235 0.7840861245780811 #f5a083
621 62.6987939648572 153.98954272335388 0.7782083882824405 #f6a083
622 62.55403545902145 154.52748234386468 0.7725248820868644 #f6a084
623 62.41551126523352 155.04555262416423 0.7671315963165908 #f6a084
624 62.285835572247905 155.5334007503636 0.7621228146354792 #f6a084
625 62.16424579366105 155.9933079058357 0.7574612535113943 #f6a085
626 62.05338042253062 156.41470827842338 0.753240100283876 #f6a085
627 61.94990659533153 156.80975803063114 0.7493253995819112 #f6a085
628 61.85388373593703 157.17784726477177 0.7457140814065167 #f7a085
629 61.76192584577008 157.53167797394727 0.7422749333551407 #f7a085
630 61.67406210809685 157.87095067545604 0.7390064457185781 #f7a086
631 61.587727786144725 158.20544200879203 0.7358114671949526 #f7a086
632 61.50379952013836 158.53166729966685 0.7327212410128909 #f79f86
633 61.42229318198804 158.84946381406908 0.7297349446616042 #f79f86
634 61.343224290445164 159.15867406873764 0.7268517819999968 #f79f86
635 61.26660799965504 159.4591458016181 0.7240709832768407 #f79f86
636 61.19158589962095 159.75417030771882 0.7213603252469482 #f79f87
637 61.11729257955092 160.04710568376692 0.7186879203336118 #f79f87
638 61.04373240026909 160.33790424312224 0.7160535243586866 #f79f87
639 60.97003148383945 160.63000395491355 0.7134256503079869 #f79f87
640 60.89530922532522 160.92690496405015 0.7107731223662138 #f89f87
641 60.81955979663901 161.22865372933657 0.7080961668328594 #f89f87
642 60.74454409497304 161.52823233102941 0.7054570291670523 #f89f88
643 60.67380686651782 161.8114038421882 0.7029792023135476 #f89f88
644 60.609145060898086 162.07082573949407 0.7007233121148196 #f89f88
645 60.55236532377748 162.2990708327549 0.6987495648788529 #f89f88
646 60.5052807655121 162.48865671511982 0.6971178948933847 #f89f88
647 60.46614762274302 162.64644130495842 0.6957652533166341 #f89f88
648 60.43142791138983 162.78659350128837 0.6945678004907191 #f89f88
649 60.3993509260208 162.91621302304662 0.6934636925269656 #f89f88
650 60.36903124299022 163.03885027890908 0.6924220100898827 #f89f88
651 60.33690178665405 163.16893316067876 0.691320201508484 #f89f88
652 60.30474526157843 163.2992543111357 0.6902195742301044 #f89f88
653 60.27166723261067 163.4334437616659 0.6890896040563246 #f89f88
654 60.238560487709094 163.5678848616875 0.6879608798925523 #f89f89
655 60.20542496446977 163.70257759275918 0.6868334007960051 #f89f89
656 60.17226060027146 163.83752193774905 0.6857071658145374 #f89f89
657 60.13996482820596 163.9690606284778 0.684612562834268 #f89f89
658 60.10853987276056 164.097173803604 0.6835494929255099 #f89f89
659 60.07708894535031 164.22551208831413 0.6824875337337175 #f89e89
660 60.047411377320145 164.34672292963413 0.6814872744990397 #f89e89
661 60.0177106278001 164.46813387213226 0.6804880012186916 #f89e89
662 59.990689792115276 164.57868109202258 0.6795804259444437 #f89e89
663 59.96455137226209 164.6857005911424 0.6787038766614709 #f89e89
664 59.940199421800926 164.78547833678647 0.6778884621384643 #f89e89
665 59.918540124559456 164.87428210838752 0.6771642018724224 #f89e89
666 59.8995780963365 164.95207221927424 0.6765309005817632 #f89e89
667 59.88241380776391 165.0225235634827 0.675958256492474 #f89e89
668 59.86704970173987 165.08561519598172 0.6754461666471188 #f89e89
669 59.853487967923044 165.1413283767646 0.6749945389884964 #f89e89
670 59.839921383006455 165.19708289482494 0.6745431140591935 #f89e89
671 59.82815974872325 165.24543691430665 0.6741520430516845 #f89e89
672 59.81639446463575 165.29382198251642 0.6737611242178178 #f89e89
673 59.804625527911156 165.3422380994132 0.6733703575116027 #f89e89
674 59.79466434178755 165.38322983397157 0.6730398275476137 #f99e89
675 59.7847005367113 165.4242437986404 0.6727094064423854 #f99e89
676 59.77564025800261 165.46154851166705 0.672409118060033 #f99e89
677 59.76748415429532 165.49513846146473 0.6721389353994538 #f99e89
678 59.75932629425799 165.52874329261255 0.6718688255598889 #f99e89
679 59.752073387899244 165.5586267466355 0.6716287890458994 #f99e89
680 59.74572595533762 165.58478441425348 0.6714188042763695 #f99e89
681 59.739377458777895 165.61095108421105 0.6712088635340484 #f99e8a
682 59.73393504310445 165.63338682359995 0.6710289493628605 #f99e8a
683 59.72849184510942 165.65582917697554 0.6708490675281997 #f99e8a
684 59.7230478645116 165.67827814434992 0.6706692180254452 #f99e8a
685 59.71941810919478 165.6932477970498 0.670549336316827 #f99e8a
686 59.714880425619114 165.71196399668835 0.6703995043835121 #f99e8a
687 59.71215755438199 165.72319592114866 0.6703096159971375 #f99e8a
688 59.70852675471909 165.73817439255654 0.6701897773833173 #f99e8a
689 59.70580342641621 165.74941017521053 0.6700999078482098 #f99e8a
690 59.70307990216928 165.7606476113795 0.6700100463912486 #f99e8a
691 59.70035618194308 165.7718867010655 0.6699201930118526 #f99e8a
692 59.697632265702296 165.78312744427078 0.6698303477094399 #f99e8a
693 59.69581621262739 165.79062219169717 0.6697704553280904 #f99e8a
694 59.69400007240877 165.79811767402262 0.6697105665360805 #f99e8a
