425 6.594031600000001 260.5024616412358 5.6317744670896674 #906995
430 10.25894774634046 279.7484666152572 5.62348126087995 #8f6a95
435 13.732996856955406 284.61838937812604 5.6111730831747995 #8f6a95
440 16.988856966278163 279.11814750124273 5.595085995921434 #8e6a96
445 19.963620863285534 266.9552136594857 5.574679592708393 #8d6a97
450 22.998914718867972 250.28708174913737 5.5472592470836535 #8b6b98
455 26.157197753705645 231.22766777161232 5.511050080199185 #8a6b99
460 29.41246463755882 207.6752320191039 5.459879682514991 #876c9b
465 32.67875572156402 178.6608610159693 5.382852321418158 #826e9d
470 36.172298058699695 140.3590345124669 5.236163777591103 #7970a1
475 40.01497150723973 103.31262886044065 4.946159284084324 #6575a6
480 44.09205885831533 82.20109600079903 4.38474937449523 #377da5
485 48.1717143926587 96.80254387257172 3.7431938506009965 #098392
490 52.732111598141486 138.5644413822343 3.3755633824403923 #1d8481
495 57.90392362296443 194.23304841683805 3.193149183057834 #2a8478
500 63.59005961575353 254.2716276904323 3.097267821462148 #318373
505 69.98633913172725 293.61342557552746 3.031426157204553 #358370
510 76.25303248184112 295.65580616353634 2.958203759961051 #3a836d
515 82.28188131411952 277.7589046510332 2.8650832887142057 #408368
520 87.48500829169362 261.39485023598496 2.768521348751518 #468264
525 91.37888525818886 245.58829598709985 2.6762109862734307 #4c8260
530 94.39779803771698 231.77411427146026 2.5838038779910333 #52815c
535 96.60939776063752 220.90740710570324 2.4906464478106445 #578058
540 98.19334134894645 211.79561832653565 2.394906801903201 #5d8054
545 99.23320914360333 203.68975253869067 2.2954869734567587 #627f51
550 99.80440758888457 196.27115681628794 2.192364169066554 #687d4d
555 100 188.77298618418345 2.086848328060381 #6d7c4b
560 99.80634354638819 181.22668784526607 1.9766910839847402 #737b48
565 99.16655954532962 174.2407565163196 1.8592165960240332 #797946
570 98.11348583944249 168.39394088572465 1.7339501028224176 #7f7745
575 96.63195573847928 164.11395806961943 1.6023301287021388 #857545
580 94.73827142857647 161.8377916143344 1.467907592591824 #8b7345
585 92.4113089420992 161.7585948553371 1.3361932822571951 #907147
590 89.71986885675211 163.478292647919 1.212839381164812 #956f49
595 86.74611901838742 166.08615533533379 1.1015263862949771 #996d4b
600 83.49496623608839 168.81700489282636 1.008365167657762 #9c6c4d
605 79.99927129076488 171.08035709252067 0.9293178746539837 #9e6b50
610 76.25303248184112 171.91386154689124 0.8662710975756767 #a06a52
615 72.30863200845644 170.8876834236556 0.8147223540110416 #a16954
620 68.09425248077815 167.75677091738115 0.7729163876607847 #a26855
625 63.425446819838 162.2420448774864 0.738443180645363 #a26856
630 58.50863614732347 154.9228262141296 0.7084818190747693 #a36758
635 53.70724208024146 146.95430533955175 0.6813304332985495 #a36759
640 48.88395864072102 138.10279633928266 0.6561645540910798 #a4675a
645 43.97367615631358 128.3132869401262 0.632000677520886 #a4665b
