# http://macboy.uchicago.edu/~eye1/PDF%20files/wave%20discrim%20JOSA%201970.pdf 

# JS

440 1.5
450 4.5
460 3.0
470 2.0
480 1.5
490 1.0
500 1.5
510 2.5
520 3.0
530 3.5
540 3.0
550 2.5
560 2.0
570 2.0
580 1.5
590 1.0
600 1.0
610 1.5
620 2.0
630 2.5
640 3.0
650 5.5
660 8.0
670 9.0

# MS

440 4.0
450 4.0
460 2.5
470 2.0
480 1.5
490 1.5
500 1.0
510 1.5
520 2.5
530 3.0
540 3.0
550 2.5
560 1.5
570 1.0
580 1.0
590 1.0
600 2.0
610 3.0
620 5.0
630 6.5
640 8.0
650 19.0

# BF

440 3.5
450 2.5
460 1.5
470 0.5
480 0.5
490 0.5
500 0.5
510 1.5
520 2.0
530 2.0
540 2.5
550 2.5
560 2.0
570 1.0
580 0.5
590 0.5
600 1.0
610 1.0
620 1.5
630 2.0
640 2.5
650 3.5

# LM

440 1.5
450 2.0
460 1.5
470 1.0
480 1.0
490 0.5
500 1.0
510 1.0
520 2.0
530 3.0
540 3.5
550 3.5
560 2.5
570 2.0
580 1.0
590 1.0
600 1.5
610 2.0
620 3.0
630 4.5
640 6.5
650 11.0
