# https://books.google.com/books?id=fjpDAQAAMAAJ&pg=PA39

# Dr O St

420 39.6
424 32.0
428 27.2
431 24.8
435 23.6
438 24.8
442 28.0
446 31.6
448 34.4
451 36.8
454 37.6
456 34.0
460 29.2
464 25.6
468 20.8
471 18.2
474 16.8
478 15.2
482 13.6
485 12.4
490 12.0
494 11.6
497 11.6
500 12.4
504 12.8
508 14.0
512 16.2
516 17.6
520 21.6
523 25.6
527 29.6
531 32.4
535 32.8
538 30.4
542 28.0
546 25.2
550 23.6
554 21.6
558 20.0
562 18.0
567 14.4
570 12.4
573 10.8
577 9.6
581 8.4
585 7.6
589 8.8
593 10.4
597 12.8
601 16.2
605 17.2
608 20.0
612 24.0
616 29.6
620 36.8
624 40.8
628 39.2
632 35.2
636 31.2
638 31.0
641 31.6
644 36.8
648 44.8
652 61.6

# Dr E

420 40.0
422 36.5
430 26.2
434 25.7
438 27.1
441 29.5
446 34.0
448 36.3
450 38.0
452 37.1
457 31.0
459 28.0
463 24.4
466 22.0
470 19.0
473 17.0
477 14.8
481 12.5
484 11.5
488 11.0
492 11.2
496 12.0
500 14.8
504 17.3
508 20.0
514 25.7
516 26.6
520 30.0
524 32.0
528 35.0
532 36.4
535 35.9
539 34.5
542 32.4
546 29.0
550 26.7
554 24.0
557 22.5
561 20.0
565 18.0
568 16.5
572 14.8
576 13.0
580 10.4
584 9.0
587 8.0
591 8.6
595 11.0
599 14.5
603 18.0
605 20.0
610 25.0
614 30.0
618 38.0
622 45.0
626 47.5
629 48.0
633 46.5
637 45.5
640 44.0
644 41.5
646 37.6
651 34.5
655 34.0
659 35.5
663 40.0
667 53.0
675 75.0

# Prof E

407 30.0
415 20.6
422 15.4
426 15.0
430 14.4
435 15.0
439 16.0
442 18.0
448 16.0
455 12.0
462 7.8
470 5.6
477 5.0
484 5.1
492 6.0
500 8.0
506 24.4
514 26.0
522 34.0
530 33.0
538 30.0
545 23.6
553 20.6
561 16.4
569 12.8
577 10.0
585 9.0
592 9.6
600 12.8
608 19.2
616 28.0
624 34.2
632 30.6
635 28.6
639 28.8
644 30.0
648 37.0
652 46.0
656 54.0

# Dr Schw

403 31.6
410 24.0
417 21.2
424 18.8
431 16.4
438 16.4
445 17.2
453 20.8
460 21.6
467 21.2
474 17.2
482 15.2
490 13.2
497 12.0
504 12.8
512 14.8
520 15.2
527 18.0
535 20.4
542 17.2
550 15.2
558 14.8
566 13.6
573 12.8
581 12.4
589 13.0
597 14.4
605 16.4
612 26.0
620 22.8
628 20.4
636 21.2
640 28.0
644 33.6
652 51.6

# Dr A St

428 42.0
432 38.0
437 34.0
442 30.0
447 26.0
451 27.0
455 30.0
460 33.0
465 34.0
468 33.0
474 31.4
480 28.8
485 27.0
490 26.8
494 25.5
500 26.5
506 29.5
510 33.3
514 36.5
520 40.0
526 45.0
531 48.7
537 50.0
543 49.0
548 45.5
553 41.0
556 38.0
560 34.0
563 31.0
570 26.5
578 23.0
586 22.4
590 23.0
597 26.0
600 28.5
605 32.5
610 35.0
614 36.5
620 38.0
627 36.0
631 34.0
637 32.0
642 34.5
651 41.0
660 54.0

# Dr Ma

432 68.0
439 56.0
447 43.2
454 32.0
469 30.8
476 22.4
483 16.8
491 16.0
498 18.0
506 20.0
513 21.6
520 22.0
528 19.2
536 18.6
543 14.4
551 12.0
560 11.0
567 10.8
575 9.2
583 12.0
591 14.0
598 15.6
606 18.0
614 20.0
622 24.0
630 20.0
638 17.2
645 20.0
653 24.8
662 36.0
670 48.0

# Dr Me

405 48.0
412 36.8
419 28.0
426 20.0
433 14.0
440 16.0
447 24.0
455 22.0
462 11.2
469 6.4
476 5.2
484 5.6
491 6.0
499 9.6
506 13.6
514 21.2
521 28.0
529 32.4
536 35.6
544 37.2
552 36.4
560 32.0
568 24.0
575 19.6
583 16.0
591 12.0
598 11.2
606 12.8
614 16.0
622 25.2
630 36.0
638 28.0
646 20.0
654 28.8
662 32.0
670 39.2
678 47.2
686 72.0

# Dr Bi

433 30.8
436 28.0
440 26.4
447 18.0
454 20.0
462 24.0
469 19.2
476 16.4
484 14.4
491 12.8
499 12.4
506 12.0
514 13.0
521 14.4
529 17.6
537 22.0
545 21.6
552 17.2
560 15.2
568 12.4
575 11.6
583 11.2
591 11.6
599 15.6
606 20.8
614 19.2
622 24.8
630 36.0

# Herr B

433 52.4
440 38.0
447 31.2
455 30.4
462 36.0
469 32.8
476 23.2
484 20.8
491 19.6
499 20.0
506 26.0
514 31.2
522 39.2
530 46.0
537 42.0
545 35.6
552 28.0
560 24.1
568 24.0
575 26.4
583 30.8
591 36.0
599 40.4
606 44.4
614 42.8
622 45.2
630 52.0
638 64.4
646 82.0

# Frl M

422 40.0
428 24.0
436 15.2
442 14.0
450 15.2
457 20.0
465 24.0
472 24.0
480 18.8
488 16.0
494 16.4
501 17.6
510 19.2
516 20.8
524 24.0
532 29.2
539 32.0
548 28.0
556 24.0
565 21.2
572 20.0
580 20.8
587 23.6
595 28.4
603 34.4
610 42.4
618 52.0
626 58.0
632 60.0
642 45.5
651 58.0
659 78.0
667 96.0

# Dr H

426 84.0
440 57.6
447 50.0
454 53.2
462 54.8
469 52.0
476 44.0
484 27.2
491 23.2
499 22.4
506 27.2
514 32.8
521 42.4
529 46.4
537 43.6
544 36.8
552 32.4
560 27.6
568 22.8
575 19.6
583 19.2
591 19.6
599 22.8
607 28.3
614 31.2
622 36.8
630 62.4
638 72.0
646 72.8
654 63.6
662 60.0
670 67.2
678 97.6

# Dr G

437 39.3
441 39.1
449 38.0
457 35.3
460 31.5
465 26.2
469 23.9
472 22.0
476 18.2
480 15.9
484 13.7
488 11.8
492 9.9
496 8.7
501 7.6
506 8.7
508 11.4
516 15.2
520 17.8
523 19.4
527 20.1
531 21.6
535 22.0
539 22.0
542 21.6
546 20.5
550 18.2
553 16.7
557 15.2
561 14.0
565 13.7
569 12.9
573 12.9
576 14.0
580 15.2
584 17.1
587 19.0
592 20.5
595 22.0
599 23.5
603 23.8
607 24.9
610 26.2
614 27.4
618 32.3
622 39.9
625 42.4
632 39.3
640 34.5
646 36.7
654 55.5
657 83.6
