http://www.cvrl.org/people/stockman/pubs/1999%20Cone%20chapter%20SS.pdf

nm log(l) log(m) log(s) log(v), log(lod) log(mod) log(sod) dlens dmacular

390 -3.2186 -3.2907 -1.9642 -3.2335 -0.9338 -1.0479 -0.1336 2.5122 0.0453
395 -2.8202 -2.8809 -1.5726 -2.8309 -0.8948 -0.9974 -0.0906 2.1306 0.0649
400 -2.4660 -2.5120 -1.2020 -2.4712 -0.8835 -0.9707 -0.0498 1.7649 0.0868
405 -2.1688 -2.2013 -0.8726 -2.1690 -0.9016 -0.9742 -0.0257 1.4257 0.1120
410 -1.9178 -1.9345 -0.5986 -1.9119 -0.9154 -0.9711 -0.0092 1.1374 0.1365
415 -1.7371 -1.7218 -0.3899 -1.7183 -0.9408 -0.9623 -0.0023 0.9063 0.1631
420 -1.6029 -1.5534 -0.2411 -1.5699 -0.9549 -0.9398 0.0000 0.7240 0.1981
425 -1.5136 -1.4234 -0.1526 -1.4627 -0.9576 -0.8990 -0.0054 0.5957 0.2345
430 -1.4290 -1.3033 -0.0821 -1.3617 -0.9536 -0.8564 -0.0222 0.4876 0.2618
435 -1.3513 -1.1899 -0.0356 -1.2668 -0.9390 -0.8027 -0.0499 0.4081 0.2772
440 -1.2842 -1.0980 -0.0004 -1.1874 -0.9267 -0.7627 -0.0810 0.3413 0.2884
445 -1.2414 -1.0342 -0.0051 -1.1338 -0.9041 -0.7159 -0.1199 0.3000 0.3080
450 -1.2010 -0.9794 -0.0260 -1.0859 -0.8734 -0.6675 -0.1665 0.2629 0.3332
455 -1.1606 -0.9319 -0.0763 -1.0417 -0.8335 -0.6174 -0.2395 0.2438 0.3486
460 -1.0974 -0.8632 -0.1199 -0.9756 -0.7801 -0.5543 -0.3143 0.2279 0.3500
465 -1.0062 -0.7734 -0.1521 -0.8852 -0.7211 -0.4924 -0.4008 0.2131 0.3269
470 -0.9200 -0.6928 -0.2145 -0.8019 -0.6643 -0.4374 -0.5165 0.2046 0.2996
475 -0.8475 -0.6300 -0.3165 -0.7346 -0.6122 -0.3925 -0.6623 0.1929 0.2842
480 -0.7803 -0.5747 -0.4426 -0.6736 -0.5515 -0.3405 -0.8161 0.1834 0.2786
485 -0.7166 -0.5234 -0.5756 -0.6163 -0.4871 -0.2850 -0.9679 0.1749 0.2772
490 -0.6535 -0.4738 -0.7169 -0.5600 -0.4289 -0.2378 -1.1316 0.1675 0.2688
495 -0.5730 -0.4078 -0.8418 -0.4867 -0.3618 -0.1821 -1.2887 0.1601 0.2485
500 -0.4837 -0.3337 -0.9623 -0.4048 -0.3040 -0.1384 -1.4581 0.1537 0.2093
505 -0.3929 -0.2569 -1.1071 -0.3208 -0.2499 -0.0980 -1.6570 0.1463 0.1652
510 -0.3061 -0.1843 -1.2762 -0.2406 -0.2007 -0.0644 -1.8804 0.1378 0.1211
515 -0.2279 -0.1209 -1.4330 -0.1693 -0.1558 -0.0383 -2.0865 0.1293 0.0812
520 -0.1633 -0.0699 -1.6033 -0.1109 -0.1093 -0.0095 -2.2925 0.1230 0.0525
525 -0.1178 -0.0389 -1.7853 -0.0719 -0.0771 0.0000 -2.5009 0.1166 0.0329
530 -0.0830 -0.0191 -1.9766 -0.0438 -0.0550 -0.0037 -2.7142 0.1102 0.0175
535 -0.0571 -0.0080 -2.1729 -0.0243 -0.0332 -0.0082 -2.9241 0.1049 0.0093
540 -0.0330 -0.0004 -2.3785 -0.0071 -0.0095 -0.0146 -3.1409 0.0986 0.0046
545 -0.0187 -0.0035 -2.5882 0.0000 0.0000 -0.0370 -3.3599 0.0922 0.0017
550 -0.0128 -0.0163 -2.8010 -0.0016 -0.0040 -0.0731 -3.5809 0.0859 0.0000
555 -0.0050 -0.0295 -3.0168 -0.0021 -0.0014 -0.1055 -3.8030 0.0795 0.0000
560 -0.0019 -0.0514 -3.2316 -0.0085 -0.0055 -0.1485 -4.0231 0.0742 0.0000
565 -0.0001 -0.0769 -3.4458 -0.0166 -0.0138 -0.1966 -4.2437 0.0678 0.0000
570 -0.0015 -0.1114 -3.6586 -0.0296 -0.0280 -0.2554 -4.4629 0.0615 0.0000
575 -0.0086 -0.1562 -3.8692 -0.0492 -0.0519 -0.3251 -4.6798 0.0551 0.0000
580 -0.0225 -0.2143 -4.0769 -0.0769 -0.0863 -0.4084 -4.8939 0.0488 0.0000
585 -0.0325 -0.2752 -4.2810 -0.1015 -0.1113 -0.4903 -5.1033 0.0435 0.0000
590 -0.0491 -0.3443 -4.4811 -0.1320 -0.1460 -0.5788 -5.3087 0.0381 0.0000
595 -0.0727 -0.4263 -4.6766 -0.1696 -0.1898 -0.6791 -5.5095 0.0329 0.0000
600 -0.1026 -0.5198 -4.8673 -0.2132 -0.2378 -0.7868 -5.7034 0.0297 0.0000
605 -0.1380 -0.6247 -5.0529 -0.2619 -0.2929 -0.9054 -5.8932 0.0254 0.0000
610 -0.1823 -0.7389 -5.2331 -0.3179 -0.3561 -1.0305 -6.0765 0.0223 0.0000
615 -0.2346 -0.8610 -5.4077 -0.3804 -0.4268 -1.1617 -6.2544 0.0191 0.0000
620 -0.2943 -0.9915 -999 -0.4490 -0.5026 -1.2989 -999 0.0170 0.0000
625 -0.3603 -1.1294 -999 -0.5229 -0.5833 -1.4425 -999 0.0148 0.0000
630 -0.4421 -1.2721 -999 -0.6106 -0.6809 -1.5909 -999 0.0117 0.0000
635 -0.5327 -1.4205 -999 -0.7060 -0.7854 -1.7444 -999 0.0085 0.0000
640 -0.6273 -1.5748 -999 -0.8051 -0.8918 -1.9033 -999 0.0053 0.0000
645 -0.7262 -1.7365 -999 -0.9081 -0.9986 -2.0670 -999 0.0042 0.0000
650 -0.8408 -1.8924 -999 -1.0252 -1.1204 -2.2246 -999 0.0032 0.0000
655 -0.9658 -2.0524 -999 -1.1520 -1.2523 -2.3872 -999 0.0011 0.0000
660 -1.0965 -2.2196 -999 -1.2845 -1.3878 -2.5558 -999 0.0000 0.0000
665 -1.2323 -2.3853 -999 -1.4217 -1.5264 -2.7217 -999 0.0000 0.0000
670 -1.3734 -2.5477 -999 -1.5638 -1.6696 -2.8842 -999 0.0000 0.0000
675 -1.5201 -2.7075 -999 -1.7110 -1.8178 -3.0442 -999 0.0000 0.0000
680 -1.6729 -2.8700 -999 -1.8642 -1.9717 -3.2067 -999 0.0000 0.0000
685 -1.8320 -3.0362 -999 -2.0236 -2.1317 -3.3730 -999 0.0000 0.0000
690 -1.9985 -3.2109 -999 -2.1904 -2.2988 -3.5477 -999 0.0000 0.0000
695 -2.1590 -3.3745 -999 -2.3510 -2.4596 -3.7113 -999 0.0000 0.0000
700 -2.3194 -3.5360 -999 -2.5115 -2.6203 -3.8728 -999 0.0000 0.0000
705 -2.4813 -3.6978 -999 -2.6734 -2.7824 -4.0347 -999 0.0000 0.0000
710 -2.6486 -3.8678 -999 -2.8408 -2.9498 -4.2047 -999 0.0000 0.0000
715 -2.8164 -4.0373 -999 -3.0086 -3.1177 -4.3742 -999 0.0000 0.0000
720 -2.9801 -4.1986 -999 -3.1723 -3.2815 -4.5355 -999 0.0000 0.0000
725 -3.1433 -4.3582 -999 -3.3353 -3.4447 -4.6951 -999 0.0000 0.0000
730 -3.3032 -4.5112 -999 -3.4950 -3.6047 -4.8481 -999 0.0000 0.0000
